[2, 198, 221]
[7, 124, 131, 167, 191, 259, 303]
[49, 148, 221, 244]
[84, 88, 237, 239]
[69]
[11, 123, 126, 277, 294, 309]
[32, 60, 89, 98, 227, 253, 267, 318, 324]
[124, 191, 211, 250]
[31, 48, 72, 74, 121, 157, 252, 274, 292]
[185, 238]
[65, 75, 91, 258, 269, 287]
[5, 123, 268, 277, 308]
[133, 171, 246]
[73, 137, 141, 146]
[43, 235, 300]
[152]
[64, 82, 205, 266, 284, 324]
[104, 161, 207, 216, 220, 250, 281]
[]
[24, 34, 102, 153, 162, 242]
[]
[]
[19, 87, 101, 104, 180, 316]
[47, 73, 141]
[19, 38, 121, 298]
[17, 78, 140, 169, 216]
[7, 124, 131, 181, 191, 205, 259, 311]
[300, 313]
[149, 164, 170, 190, 273]
[4, 137, 239]
[314]
[8, 48, 68, 104, 200, 217]
[50, 63]
[184]
[86, 109, 110, 209]
[7, 124, 131, 158, 162, 181, 191, 234, 259, 271]
[69, 79, 102, 145, 154, 257]
[30, 62, 149, 175, 185, 217, 273, 309, 314]
[24, 32, 90, 241, 298]
[78, 140, 169, 260, 277, 293]
[72, 74, 157, 292]
[7, 124, 131, 191, 205, 259]
[4, 29, 49, 71, 88, 96, 136, 163, 165, 199, 214, 253]
[97, 144, 176, 247, 274, 327]
[147]
[26, 62, 135, 149, 175, 185, 217, 235, 273]
[4, 29, 49, 77, 88, 105, 165, 214, 288, 323]
[23, 73, 269]
[31, 68, 75, 86, 104, 200, 305]
[42, 148, 163, 165, 214, 221, 323]
[32, 219, 227, 241]
[176, 198, 225, 237, 330]
[85, 203, 219, 275, 326]
[]
[23, 47, 73]
[70, 117, 296]
[58, 106, 114, 185, 186, 194, 215]
[80]
[56, 114, 215, 261, 264]
[78, 140, 169, 175, 251, 289, 292]
[47, 98, 143, 227, 229, 265, 267, 284, 318]
[26, 35, 58, 87, 181, 250, 295, 303]
[78, 149, 175, 217, 242]
[13, 32, 49, 52, 88, 98, 108, 125, 137, 146, 165, 189, 197, 253, 275, 323]
[16, 82, 124, 162, 226, 264, 266, 295, 311]
[10, 91, 159, 177, 201, 258, 269, 287]
[80, 310]
[10, 65, 91, 258, 269, 287]
[17, 31, 48, 104, 161, 173, 220, 227, 270]
[27, 36, 47, 60, 90, 102, 108, 145, 168, 265, 269]
[55, 182, 296]
[136, 199]
[59, 74, 139, 157, 193, 290, 292]
[23, 47, 141]
[72, 157, 292]
[10, 91, 258]
[51, 109, 116, 208, 285, 304, 319]
[105, 141, 288]
[0, 140, 169, 242, 273]
[19, 22, 24, 36, 81, 86, 113]
[57, 66]
[12, 33, 101, 113, 184, 205, 246]
[16, 64, 151, 232, 266]
[109, 241, 272, 285, 291, 304]
[3, 88, 239]
[34, 50, 52, 219, 275, 318, 326]
[19, 69, 97, 108]
[7, 124, 131, 162, 181, 191, 205, 234, 259, 271]
[3, 42, 46, 84, 137, 239]
[243, 288]
[4, 145, 173]
[10, 65, 75, 258, 269, 287, 289, 312]
[10, 23, 65, 83, 91, 159, 258, 269, 287, 326]
[147, 288]
[112, 172, 186, 223, 232, 261]
[34, 51, 131, 156, 208, 278, 321]
[42, 49, 178, 221, 331]
[32, 50, 157, 176, 178, 224, 262, 298, 331]
[203, 227, 229, 267, 284, 318, 323, 326]
[183, 296]
[14]
[22, 118, 180]
[19, 36, 84, 162, 168, 242, 244, 265]
[80]
[17, 22, 31, 34, 48, 51, 68, 220, 234]
[88]
[139, 185, 195, 212, 274, 325]
[305]
[32, 52, 63, 69, 98, 125, 221, 253, 315, 323]
[34, 45, 83, 86, 116, 241, 285, 291, 304]
[14, 43, 97, 209]
[296]
[94, 223, 232, 261]
[81, 215]
[56, 58, 121, 149, 215, 266]
[0, 154]
[34, 36, 51, 85, 109, 267, 271, 285, 304]
[21, 55, 70]
[2, 148, 221]
[27, 158, 168, 240, 299]
[82, 127, 186, 191, 223, 301]
[86, 98, 227, 252, 267, 318]
[]
[5, 11, 174, 175, 277]
[7, 58, 167, 179, 191, 266, 303]
[32, 98, 213, 228, 323]
[145, 154, 157, 257]
[120, 155, 186, 223, 301]
[202, 213, 228]
[188, 302, 308]
[152, 306]
[16, 64, 82, 200, 266]
[62, 149, 175, 217, 274, 305]
[37, 127, 155, 171, 181, 226, 311]
[]
[62, 149, 175, 190, 217, 235]
[71, 199]
[13, 42, 46, 49, 88, 96, 146, 165, 189, 214, 237, 323]
[156, 281]
[39, 106, 175, 212, 251, 274, 312]
[78, 106, 169]
[23, 73, 159]
[20, 172]
[12, 16, 29, 33, 38, 41, 60, 68, 180, 205, 218, 229, 326]
[141, 159, 190, 280, 307]
[60, 67, 154, 257]
[13, 137]
[44, 93]
[49, 96, 165, 214, 221]
[9, 62, 175, 207, 217, 274, 314, 321]
[52, 85, 219, 275, 326]
[156, 232]
[130, 306]
[58, 179, 303]
[115, 145, 257, 307]
[112, 268]
[6, 102, 178, 197, 242, 298]
[72, 74, 75, 243, 292]
[119, 159, 176, 208, 242, 265, 299, 327]
[65, 92, 141, 158, 177, 265, 287]
[283]
[17, 104, 207, 220, 250, 281]
[19, 35, 87, 102, 242, 270]
[63, 214, 221]
[28, 43, 59, 110, 139, 170, 251, 292]
[46, 49, 63, 96, 214, 221, 229, 230, 248]
[]
[1, 259, 266, 303, 311]
[177]
[78, 140]
[28, 164, 193]
[133, 179, 184]
[15, 142, 232]
[22, 45, 61, 133, 162, 171, 205, 232]
[192]
[62, 149, 193, 217]
[28, 43, 158, 208, 299, 319, 327]
[4, 23, 49, 65, 92, 148, 287]
[96, 224]
[94, 112, 124, 261]
[12, 16, 22, 33, 41, 68, 81, 101, 143, 184, 205, 218, 246]
[35, 37, 61, 87, 155, 167, 226, 264, 286, 295, 298, 303, 311]
[70, 296]
[99]
[33, 58, 61, 81, 125, 171, 179, 180, 234, 271, 303]
[236, 321]
[56, 120, 127, 223, 301]
[124, 133, 171, 178]
[129, 302, 308, 321]
[42, 63, 88, 105, 137, 244, 323]
[129, 169, 188, 302, 308, 321]
[7, 124, 211]
[]
[190, 259, 277, 329]
[56, 112, 172, 223, 232, 263, 302]
[190, 291, 307]
[]
[4, 60, 63, 108, 125, 137, 213, 237, 253, 315]
[270, 320]
[71, 136, 249]
[8, 25, 31, 48, 51, 220, 227, 235, 252]
[77]
[77, 128, 210]
[40, 53, 72, 74, 157, 280, 292, 313, 326]
[0, 92, 115, 239, 247]
[151, 232, 316]
[175]
[1, 17, 104, 161, 188, 220, 250]
[144, 190, 240]
[110]
[2, 115, 221, 257, 307]
[16, 64, 82, 266]
[37, 106, 139, 274, 314]
[119, 208, 240, 265]
[49, 163, 221, 323]
[56, 58, 114, 118]
[32, 50, 151, 200]
[62, 149, 175]
[7, 124, 131, 191, 205, 259, 284]
[52, 68, 85, 227, 275, 284, 326]
[8, 17, 104, 121, 131, 138, 151, 156, 161, 207, 216, 250]
[2, 96, 108, 163, 197, 214, 253]
[164]
[94, 112, 120, 127, 250, 301]
[6, 176, 230, 262, 284, 299, 319, 324, 327]
[138, 156, 237, 320]
[167, 295, 298, 311]
[68, 98, 267, 318]
[]
[12, 33, 41, 143, 165, 180, 230, 248, 253, 326]
[32, 165, 229, 248]
[30, 190]
[82, 120, 127, 172]
[51, 109, 116, 195, 285, 304]
[35, 87, 184, 270, 271]
[135, 161, 305]
[8, 72, 74, 83, 144, 157, 175, 292]
[102, 158, 247, 320]
[9, 112]
[3, 29, 46, 84, 88, 92, 203]
[27, 208, 233]
[109, 285, 291]
[19, 102, 162, 176, 262, 299, 319, 327]
[89, 312]
[189]
[62, 97, 158, 262, 324]
[12, 33, 81, 118, 179, 180, 184, 234, 271]
[92, 195, 203, 239, 319]
[8, 158, 165, 229, 230, 319]
[199]
[7, 17, 56, 161, 179, 207, 220, 226, 279, 295]
[14, 43, 67, 97, 110]
[]
[32, 42, 63, 98, 128, 227, 229, 267, 284, 318, 323, 326]
[]
[117]
[145, 154, 257, 274]
[145, 154, 210]
[10, 65, 75, 91, 269, 287]
[1, 16, 31, 64, 75, 82, 167, 211, 266, 303]
[110, 112, 209, 235, 238]
[94, 112, 181, 226, 311]
[4, 50, 97, 158, 176, 224, 242, 291, 319]
[56, 106, 185, 186, 194, 301]
[26, 64]
[27, 158, 159, 168, 228, 240]
[16, 37, 64, 82, 144, 167, 303]
[34, 50, 98, 227, 318]
[155, 308]
[10, 65, 91, 258, 287]
[8, 22, 35, 87, 162, 234, 271]
[34, 35, 87, 184, 234, 270]
[300]
[130, 152, 231, 306, 325]
[97, 106, 107, 139, 159, 212]
[32, 52, 85, 98, 108, 219, 326]
[170, 207]
[5, 11, 123]
[8, 83, 109, 116, 188, 285, 304]
[]
[4, 40, 203, 247]
[]
[290, 293]
[160, 322]
[60, 98, 125, 224, 227]
[31, 83, 109, 116, 291, 304]
[130, 172, 329]
[10, 65, 91, 159, 177, 258, 269]
[13, 77, 105]
[23, 47, 73, 312]
[110, 209]
[95, 109, 285]
[59, 72, 74, 139, 157, 164]
[268]
[8, 45, 86, 135, 236]
[61, 162, 181, 226, 311]
[55, 70, 111, 182]
[]
[24, 38, 248]
[97, 119, 158, 208, 245, 280, 327]
[76, 126, 291]
[56, 120, 127, 186, 223, 263, 272]
[129, 188, 308]
[1, 211, 259, 266, 311]
[0, 51, 109, 116, 285]
[130, 152, 217, 306]
[130, 152, 290, 302]
[119, 154, 208, 213, 240, 265]
[129, 188, 302]
[86, 149, 167]
[66, 103]
[162, 216, 298, 316]
[47, 128, 202, 209]
[62, 76, 149, 175, 217]
[62, 110, 209, 260, 290]
[32, 228, 234, 271, 323]
[58, 61, 179, 303, 311]
[]
[98, 219, 227, 267]
[176, 208, 240, 327]
[198, 208, 240, 319, 330]
[28, 95, 188, 190]
[]
[42, 52, 71, 88, 98, 108, 136, 137, 163, 199, 214, 315]
[97, 224, 242, 245, 262]
[309]
[52, 85, 143, 219, 275]
[43, 158, 176, 208]
[305, 309, 325]
[5, 130, 142, 188, 290]
[116, 203, 279, 311]
[227]
