[79, 85, 142, 147, 148, 149, 150, 151, 152, 190, 191, 249, 257, 488, 538, 568, 569, 572, 602, 632, 761, 782]
[9, 116, 118, 238, 239, 443, 657, 677, 713, 737]
[3, 259, 282, 283, 284, 406, 515, 582, 661, 791]
[2, 259, 282, 283, 284, 406, 515, 582, 661, 791]
[50, 98, 101, 135, 260, 261, 262, 282, 283, 284, 348, 373, 391, 406, 421, 549, 575, 656]
[40, 46, 100, 414, 424, 425, 433, 434, 445, 467, 471, 584, 636, 653, 655, 670, 675, 717, 720, 774]
[15, 16, 41, 88, 159, 293, 342, 439, 440, 474, 475, 552, 567, 576, 629, 646]
[15, 16, 41, 88, 159, 293, 342, 439, 440, 474, 475, 552, 567, 576, 629, 646]
[15, 16, 41, 88, 159, 293, 342, 439, 440, 474, 475, 552, 567, 576, 629, 646]
[91, 92, 116, 118, 238, 239, 443, 657, 677, 713, 737, 801]
[11, 200, 201, 206, 321, 322, 338, 339, 350, 370, 436, 504, 505, 506, 524, 680, 691, 705]
[335, 545, 586, 649, 733]
[13, 25, 473, 605, 750]
[12, 25, 473, 605, 750]
[56, 57, 83, 84, 163, 164, 165, 184, 244, 266, 383, 384, 527, 528, 529, 577, 692, 723, 739, 758, 775, 796, 797]
[16, 41, 88, 159, 293, 342, 439, 440, 474, 475, 552, 567, 576, 629, 646, 668, 732]
[15, 41, 88, 159, 293, 342, 439, 440, 474, 475, 552, 567, 576, 629, 646, 668, 732]
[18, 28, 87, 93, 105, 106, 112, 139, 202, 203, 288, 289, 324, 342, 352, 454, 462, 471, 683, 742, 796]
[17, 28, 87, 93, 105, 106, 112, 139, 202, 203, 288, 289, 324, 342, 352, 454, 462, 471, 683, 742, 796]
[11, 91, 92, 104, 113, 189, 244, 250, 321, 322, 335, 353, 359, 391, 496, 504, 545, 546, 550, 581, 586, 650, 664, 703]
[22, 23, 60, 101, 126, 127, 197, 258, 296, 298, 299, 387, 388, 408, 409, 410, 425, 574, 575, 608, 611, 671, 750, 756, 767]
[4, 538, 632, 704]
[23, 60, 126, 127, 296, 298, 299, 408, 409, 410, 574, 575, 750, 756, 767, 786, 803]
[22, 60, 126, 127, 296, 298, 299, 408, 409, 410, 574, 575, 750, 756, 767, 786, 803]
[135, 241, 259, 357, 359, 515, 628, 728, 741, 762]
[12, 13, 473, 750]
[42, 43, 44, 45, 420, 458, 497, 534, 540, 601, 623, 715]
[132, 294, 295, 517, 518, 559, 560]
[17, 18, 87, 93, 105, 106, 139, 202, 203, 352, 462, 471, 683]
[167, 168, 575, 681, 701]
[98, 135, 260, 261, 262, 282, 283, 284, 348, 373, 391, 406, 421, 549, 563, 575, 656, 753]
[98, 135, 260, 261, 262, 282, 283, 284, 348, 373, 391, 406, 421, 549, 563, 575, 656, 753]
[124, 147, 148, 149, 150, 151, 152, 192, 193, 194, 302, 493]
[34, 170, 171, 172, 173, 220, 242, 256, 288, 289, 319, 354, 355, 356, 361, 362, 447, 461, 491, 536, 562, 597, 738]
[33, 170, 171, 172, 173, 220, 242, 256, 288, 289, 319, 354, 355, 356, 361, 362, 447, 461, 491, 536, 562, 597, 738]
[15, 16, 41, 88, 159, 293, 342, 439, 440, 474, 475, 552, 565, 567, 576, 629, 646, 792]
[15, 16, 41, 88, 159, 293, 342, 439, 440, 474, 475, 552, 565, 567, 576, 629, 646, 792]
[79, 85, 142, 147, 148, 149, 150, 151, 152, 190, 191, 257, 373, 488, 538, 568, 569, 572, 602, 611, 751, 761, 782]
[79, 85, 142, 147, 148, 149, 150, 151, 152, 190, 191, 257, 373, 488, 538, 568, 569, 572, 602, 611, 751, 761, 782]
[96, 159, 211, 215, 303, 313, 325, 424, 456, 479, 496, 623, 696, 733, 737, 748, 766, 802]
[17, 18, 28, 87, 93, 105, 106, 139, 202, 203, 267, 268, 352, 387, 388, 454, 471, 683]
[15, 16, 88, 159, 293, 342, 439, 440, 474, 475, 552, 567, 576, 629, 646]
[78, 187, 199, 212, 340, 346, 463, 511, 640, 673, 747, 804]
[78, 187, 199, 212, 340, 346, 463, 511, 640, 673, 747, 804]
[78, 187, 199, 212, 340, 346, 463, 511, 640, 673, 747, 804]
[78, 187, 199, 212, 340, 346, 463, 511, 640, 673, 747, 804]
[5, 40, 78, 100, 414, 424, 425, 433, 434, 445, 467, 471, 584, 636, 639, 653, 670, 675, 717, 720, 774]
[5, 14, 39, 50, 87, 88, 96, 113, 199, 215, 245, 246, 248, 252, 266, 287, 340, 349, 378, 379, 380, 382, 392, 398, 424, 456, 496, 533, 581, 618, 663, 682, 689, 690, 700, 710, 714, 739, 802]
[35, 36, 114, 161, 372, 396, 413, 418, 490, 589, 590, 591, 597, 638, 660, 706, 738, 786]
[20, 58, 101, 197, 248, 267, 268, 305, 306, 372, 399, 402, 403, 425, 444, 447, 462, 478, 490, 513, 567, 625, 638, 639, 670, 675, 684, 717]
[211, 215, 303, 325, 408, 409, 410, 424, 456, 479, 496, 696, 733, 766]
[42, 43, 44, 45, 420, 458, 497, 540, 601, 623, 715]
[42, 43, 44, 45, 420, 458, 497, 540, 601, 623, 715]
[42, 43, 44, 45, 420, 458, 497, 540, 601, 623, 715]
[42, 43, 44, 45, 420, 458, 497, 540, 601, 623, 715]
[5, 83, 84, 117, 184, 266, 383, 384, 396, 527, 528, 529, 692, 723, 737, 739, 758, 796]
[98, 126, 127, 135, 260, 261, 262, 282, 283, 284, 348, 373, 391, 406, 421, 453, 549, 656, 681, 746]
[98, 126, 127, 135, 260, 261, 262, 282, 283, 284, 348, 373, 391, 406, 421, 453, 549, 656, 681, 746]
[40, 101, 146, 234, 328, 329, 330, 387, 388, 418, 425, 444, 514, 556, 557, 565, 605, 625, 671, 676, 755]
[190, 191]
[12, 13, 22, 23, 126, 127, 296, 298, 299, 408, 409, 410, 473, 476, 477, 574, 575, 605, 652, 750, 756, 767]
[]
[76, 97, 111, 113, 252, 273, 274, 392, 398, 537, 581, 587, 618, 683, 710]
[64, 65]
[63, 65]
[63, 64]
[67, 221]
[66, 221]
[24, 100, 160, 241, 250, 259, 287, 357, 359, 515, 628, 666, 710, 728, 741, 762]
[28, 78, 97, 397, 402, 403, 435, 454, 455, 612, 613, 618]
[39, 101, 146, 234, 328, 329, 330, 514, 556, 557, 565, 605, 671, 676, 781]
[187, 199, 212, 340, 346, 463, 511, 578, 640, 673, 747, 804]
[97, 117, 132, 139, 198, 200, 201, 217, 231, 232, 238, 239, 273, 274, 343, 381, 405, 436, 443, 458, 505, 506, 524, 564, 586, 592, 594, 635, 667, 677, 680, 711, 730, 737]
[97, 117, 132, 139, 198, 200, 201, 217, 231, 232, 238, 239, 273, 274, 343, 381, 405, 436, 443, 458, 505, 506, 524, 564, 586, 592, 594, 635, 667, 677, 680, 711, 730, 737]
[196, 208, 218, 292, 297, 334, 367, 368, 375, 376, 499, 500, 588, 664, 727, 764, 780]
[187, 199, 212, 288, 289, 340, 342, 346, 463, 468, 511, 640, 673, 747, 796, 804]
[97, 120, 252, 273, 274, 774]
[153, 154, 155, 156, 157, 158, 291, 386, 516, 637]
[4, 46, 121, 175, 176, 177, 185, 186, 209, 222, 312, 466, 512, 532, 584, 599, 645, 674]
[85, 142, 147, 148, 149, 150, 151, 152, 190, 191, 257, 488, 538, 568, 569, 572, 602, 761, 778, 782]
[4, 69, 121, 175, 176, 177, 185, 186, 209, 222, 312, 466, 512, 532, 558, 584, 599, 640, 645, 674, 754]
[109, 234, 328, 329, 330, 514, 556, 557, 565, 605, 671, 676]
[15, 16, 41, 88, 159, 293, 342, 439, 440, 474, 475, 552, 567, 576, 629, 646]
[84, 184, 266, 383, 384, 436, 527, 528, 529, 692, 695, 723, 739, 758, 796]
[83, 184, 266, 383, 384, 436, 527, 528, 529, 692, 695, 723, 739, 758, 796]
[79, 142, 147, 148, 149, 150, 151, 152, 190, 191, 257, 488, 538, 568, 569, 572, 602, 761, 778, 782]
[79, 85, 142, 147, 148, 149, 150, 151, 152, 190, 191, 257, 488, 493, 538, 568, 569, 572, 602, 761, 769, 782]
[5, 17, 18, 28, 37, 38, 56, 57, 68, 93, 96, 98, 105, 106, 139, 202, 203, 323, 352, 400, 577, 683, 733, 760, 797, 805]
[15, 16, 17, 18, 41, 159, 293, 342, 424, 439, 440, 474, 475, 495, 552, 567, 576, 587, 629, 646, 774]
[86, 167, 168, 631]
[175, 176, 177, 222, 542, 543, 593, 600, 751]
[11, 92, 104, 113, 244, 250, 321, 322, 353, 412, 422, 423, 504, 507, 508, 545, 546, 550, 580, 581, 649, 650, 664, 705, 716]
[11, 91, 104, 113, 244, 250, 321, 322, 353, 412, 422, 423, 504, 507, 508, 545, 546, 550, 580, 581, 649, 650, 664, 705, 716]
[17, 18, 28, 87, 105, 106, 139, 202, 203, 352, 683]
[95, 133, 134, 364, 369, 446, 685, 732]
[94, 133, 134, 364, 369, 446, 685, 732]
[160, 178, 179, 277, 344, 412, 431, 432, 499, 500, 577, 606, 636, 663, 730, 760, 775, 805]
[72, 73, 83, 84, 132, 153, 154, 155, 156, 157, 158, 198, 212, 291, 294, 295, 346, 371, 501, 502, 516, 594, 637]
[100, 135, 260, 261, 262, 282, 283, 284, 348, 373, 391, 406, 421, 549, 656, 681, 746, 808]
[399]
[5, 40, 46, 111, 178, 179, 414, 424, 425, 433, 434, 445, 467, 471, 584, 636, 653, 670, 675, 717, 720, 774, 798]
[49, 58, 197, 267, 268, 305, 306, 372, 399, 402, 403, 425, 447, 462, 478, 513, 522, 567, 625, 638, 639, 670, 675, 717]
[79, 85, 142, 147, 148, 149, 150, 151, 152, 190, 191, 249, 257, 488, 538, 568, 569, 572, 602, 761, 782]
[79, 85, 142, 147, 148, 149, 150, 151, 152, 190, 191, 249, 257, 488, 538, 568, 569, 572, 602, 761, 782]
[580, 650, 705]
[17, 18, 28, 87, 93, 106, 139, 202, 203, 352, 550, 683]
[17, 18, 28, 87, 93, 105, 139, 202, 203, 352, 550, 683]
[108, 724]
[107, 724]
[12, 13, 19, 82, 96, 160, 204, 205, 277, 344, 412, 431, 432, 483, 499, 500, 577, 606, 760, 775, 805]
[48, 397, 463, 552, 570, 578, 601, 619, 643, 715, 794]
[98, 126, 127, 135, 260, 261, 262, 282, 283, 284, 348, 373, 391, 406, 421, 549, 656]
[15, 16, 17, 18, 41, 88, 159, 293, 340, 342, 424, 428, 429, 430, 439, 440, 474, 475, 552, 567, 576, 587, 629, 646, 700, 774, 789]
[97, 294, 295, 315, 336, 337, 374, 377, 442, 452, 550, 571, 579, 727, 760, 784]
[234, 328, 329, 330, 378, 379, 380, 415, 514, 556, 557, 565, 573, 605, 671, 676, 701, 731]
[317, 757]
[9, 118, 238, 239, 443, 657, 677, 713, 737]
[83, 84, 97, 105, 106, 139, 198, 200, 201, 217, 231, 232, 238, 239, 273, 274, 303, 343, 381, 405, 417, 436, 443, 445, 458, 505, 506, 511, 564, 586, 592, 594, 635, 667, 677, 680, 689, 690, 711, 723, 730, 737]
[9, 116, 238, 239, 343, 405, 443, 503, 592, 657, 677, 713, 737]
[125, 145, 169, 183, 225, 317, 333, 551, 787]
[76, 97, 200, 201, 273, 274, 774]
[35, 36, 101, 175, 176, 177, 185, 186, 209, 222, 312, 399, 466, 512, 532, 599, 645, 674]
[9, 74, 123, 338, 339, 344, 359, 375, 376, 431, 432, 442, 459, 499, 500, 515, 539, 549, 559, 560, 577, 579, 582, 595, 598, 693, 699, 713, 736, 784]
[9, 74, 122, 338, 339, 344, 359, 375, 376, 431, 432, 442, 459, 499, 500, 515, 539, 549, 559, 560, 577, 579, 582, 595, 598, 693, 699, 713, 736, 784]
[192, 193, 194, 207]
[107, 108, 119, 145, 169, 183, 225, 317, 333, 551, 787]
[22, 23, 60, 127, 296, 298, 299, 408, 409, 410, 574, 575, 750, 756, 767, 807]
[22, 23, 60, 126, 296, 298, 299, 408, 409, 410, 574, 575, 750, 756, 767, 807]
[15, 16, 41, 88, 111, 159, 226, 293, 342, 439, 440, 474, 475, 498, 552, 567, 576, 597, 629, 646]
[15, 16, 41, 88, 111, 159, 226, 293, 342, 439, 440, 474, 475, 498, 552, 567, 576, 597, 629, 646]
[15, 16, 41, 88, 111, 159, 226, 293, 342, 439, 440, 474, 475, 498, 552, 567, 576, 597, 629, 646]
[15, 16, 41, 88, 111, 159, 226, 293, 342, 439, 440, 474, 475, 498, 552, 567, 576, 597, 629, 646]
[27, 104, 116, 139, 198, 343, 405, 503, 517, 518, 559, 560, 592, 667]
[94, 95, 134, 364, 369, 446, 685, 732, 735, 752]
[94, 95, 133, 364, 369, 446, 685, 732, 735, 752]
[98, 260, 261, 262, 282, 283, 284, 348, 366, 373, 382, 391, 406, 421, 533, 549, 656]
[15, 16, 41, 88, 159, 293, 342, 439, 440, 474, 475, 552, 567, 576, 629, 646, 701, 706]
[79, 85, 142, 147, 148, 149, 150, 151, 152, 190, 191, 249, 257, 488, 538, 568, 569, 572, 602, 761, 782]
[79, 85, 142, 147, 148, 149, 150, 151, 152, 190, 191, 249, 257, 488, 538, 568, 569, 572, 602, 761, 782]
[11, 17, 18, 28, 87, 93, 105, 106, 132, 202, 203, 352, 683]
[17, 18, 28, 87, 93, 105, 106, 139, 202, 203, 352, 454, 471, 683]
[320, 509, 510, 678]
[79, 85, 147, 148, 149, 150, 151, 152, 190, 191, 251, 257, 488, 493, 538, 568, 569, 572, 602, 761, 782]
[234, 328, 329, 330, 514, 556, 557, 565, 584, 605, 671, 676, 701]
[234, 328, 329, 330, 514, 556, 557, 565, 584, 605, 671, 676, 701]
[115, 119, 125, 169, 183, 219, 225, 263, 264, 317, 333, 401, 551, 787]
[39, 40, 345, 425, 535, 671, 769]
[79, 85, 142, 148, 149, 150, 151, 152, 190, 191, 192, 193, 194, 257, 470, 488, 493, 538, 568, 569, 572, 602, 761, 782]
[79, 85, 142, 147, 149, 150, 151, 152, 190, 191, 192, 193, 194, 257, 470, 488, 493, 538, 568, 569, 572, 602, 761, 782]
[79, 85, 142, 147, 148, 150, 151, 152, 190, 191, 192, 193, 194, 257, 470, 488, 493, 538, 568, 569, 572, 602, 761, 782]
[79, 85, 142, 147, 148, 149, 151, 152, 190, 191, 192, 193, 194, 257, 470, 488, 493, 538, 568, 569, 572, 602, 761, 782]
[79, 85, 142, 147, 148, 149, 150, 152, 190, 191, 192, 193, 194, 257, 470, 488, 493, 538, 568, 569, 572, 602, 761, 782]
[79, 85, 142, 147, 148, 149, 150, 151, 190, 191, 192, 193, 194, 257, 470, 488, 493, 538, 568, 569, 572, 602, 761, 782]
[139, 154, 155, 156, 157, 158, 291, 294, 295, 371, 381, 393, 516, 637]
[139, 153, 155, 156, 157, 158, 291, 294, 295, 371, 381, 393, 516, 637]
[139, 153, 154, 156, 157, 158, 291, 294, 295, 371, 381, 393, 516, 637]
[139, 153, 154, 155, 157, 158, 291, 294, 295, 371, 381, 393, 516, 637]
[139, 153, 154, 155, 156, 158, 291, 294, 295, 371, 381, 393, 516, 637]
[139, 153, 154, 155, 156, 157, 291, 294, 295, 371, 381, 393, 516, 637]
[15, 16, 41, 88, 293, 342, 439, 440, 474, 475, 552, 567, 576, 629, 646]
[96, 234, 277, 344, 412, 431, 432, 499, 500, 577, 606, 760, 775, 805]
[35, 36, 48, 372, 396, 413, 418, 490, 589, 590, 591, 597, 638, 660, 786]
[41, 70, 159, 174, 229, 276, 281, 334, 374, 400, 419, 420, 427, 455, 472, 489, 507, 508, 523, 530, 531, 623, 681, 684, 709, 759, 766, 780]
[15, 16, 17, 18, 41, 88, 159, 293, 342, 428, 429, 430, 439, 440, 474, 475, 552, 567, 576, 587, 629, 646, 673, 774, 789]
[15, 16, 17, 18, 41, 88, 159, 293, 342, 428, 429, 430, 439, 440, 474, 475, 552, 567, 576, 587, 629, 646, 673, 774, 789]
[15, 16, 17, 18, 41, 88, 159, 293, 342, 428, 429, 430, 439, 440, 474, 475, 552, 567, 576, 587, 629, 646, 673, 774, 789]
[448, 449, 561]
[35, 36, 48, 143, 144, 161, 285, 372, 396, 413, 418, 490, 589, 590, 591, 597, 638, 660, 670, 786, 792]
[35, 36, 48, 143, 144, 161, 285, 372, 396, 413, 418, 490, 589, 590, 591, 597, 638, 660, 670, 786, 792]
[119, 125, 145, 183, 225, 317, 333, 551, 787]
[33, 34, 171, 172, 173, 220, 242, 256, 288, 289, 319, 354, 355, 356, 361, 362, 428, 429, 430, 461, 491, 536, 562, 738, 771, 789]
[33, 34, 170, 172, 173, 220, 242, 256, 288, 289, 319, 354, 355, 356, 361, 362, 428, 429, 430, 461, 491, 536, 562, 738, 771, 789]
[33, 34, 170, 171, 173, 220, 242, 256, 288, 289, 319, 354, 355, 356, 361, 362, 428, 429, 430, 461, 491, 536, 562, 738, 771, 789]
[33, 34, 170, 171, 172, 220, 242, 256, 288, 289, 319, 354, 355, 356, 361, 362, 428, 429, 430, 461, 491, 536, 562, 738, 771, 789]
[39, 101, 146, 234, 328, 329, 330, 514, 556, 557, 565, 605, 671, 676, 737, 781]
[22, 23, 60, 109, 126, 127, 296, 298, 299, 408, 409, 410, 446, 532, 574, 575, 704, 750, 756, 765, 767]
[22, 23, 60, 109, 126, 127, 296, 298, 299, 408, 409, 410, 446, 532, 574, 575, 704, 750, 756, 765, 767]
[22, 23, 60, 109, 126, 127, 296, 298, 299, 408, 409, 410, 446, 532, 574, 575, 704, 750, 756, 765, 767]
[19, 98, 135, 199, 260, 261, 262, 266, 282, 283, 284, 348, 373, 391, 406, 421, 549, 636, 656, 681, 808]
[19, 98, 135, 199, 260, 261, 262, 266, 282, 283, 284, 348, 373, 391, 406, 421, 549, 636, 656, 681, 808]
[49, 94, 95, 133, 134, 319, 364, 369, 446, 602, 620, 629, 685, 732]
[5, 56, 57, 96, 163, 164, 165, 199, 245, 246, 482, 562, 577, 606, 663, 682, 707, 733, 758, 793, 797, 804]
[207, 487, 624, 778, 785]
[107, 108, 119, 125, 145, 169, 225, 317, 333, 551, 787]
[83, 84, 112, 185, 186, 220, 266, 383, 384, 468, 489, 527, 528, 529, 692, 723, 739, 758, 796]
[69, 79, 85, 142, 147, 148, 149, 150, 151, 152, 184, 190, 191, 257, 488, 538, 568, 569, 572, 584, 602, 640, 670, 761, 782]
[69, 79, 85, 142, 147, 148, 149, 150, 151, 152, 184, 190, 191, 257, 488, 538, 568, 569, 572, 584, 602, 640, 670, 761, 782]
[199, 212, 340, 346, 463, 511, 640, 673, 747, 804]
[139, 198, 294, 295, 343, 381, 393, 404, 405, 442, 501, 502, 580, 592, 609, 649]
[1, 22, 23, 60, 86, 126, 127, 204, 205, 287, 296, 298, 299, 408, 409, 410, 574, 575, 631, 750, 756, 767]
[59, 63, 64, 65, 79, 85, 142, 147, 148, 149, 150, 151, 152, 191, 257, 390, 488, 538, 541, 568, 569, 572, 602, 641, 642, 761, 782]
[59, 63, 64, 65, 79, 85, 142, 147, 148, 149, 150, 151, 152, 190, 257, 390, 488, 538, 541, 568, 569, 572, 602, 641, 642, 761, 782]
[124, 147, 148, 149, 150, 151, 152, 193, 194, 493]
[124, 147, 148, 149, 150, 151, 152, 192, 194, 493]
[124, 147, 148, 149, 150, 151, 152, 192, 193, 493]
[389, 617, 787]
[74, 208, 218, 297, 367, 368, 588, 764]
[20, 49, 58, 101, 267, 268, 305, 306, 372, 396, 399, 402, 403, 425, 427, 447, 462, 478, 490, 513, 625, 638, 639, 670, 675, 717]
[97, 117, 139, 200, 201, 217, 231, 232, 238, 239, 247, 273, 274, 343, 381, 405, 436, 443, 458, 505, 506, 564, 586, 592, 594, 609, 635, 667, 677, 680, 711, 737, 801]
[68, 187, 212, 316, 340, 346, 463, 511, 606, 640, 673, 747, 775, 804, 805]
[10, 83, 84, 91, 92, 93, 105, 106, 201, 206, 321, 322, 338, 339, 346, 350, 370, 436, 445, 505, 506, 524, 680, 691, 705]
[10, 83, 84, 91, 92, 93, 105, 106, 200, 206, 321, 322, 338, 339, 346, 350, 370, 436, 445, 505, 506, 524, 680, 691, 705]
[17, 18, 28, 87, 93, 105, 106, 139, 203, 326, 327, 352, 468, 683]
[17, 18, 28, 87, 93, 105, 106, 139, 202, 326, 327, 352, 468, 683]
[259, 294, 295, 315, 336, 337, 370, 377, 442, 452, 550, 571, 579, 648, 661, 665, 691, 727, 784]
[259, 294, 295, 315, 336, 337, 370, 377, 442, 452, 550, 571, 579, 648, 661, 665, 691, 727, 784]
[9, 10, 200, 201, 321, 322, 336, 337, 338, 339, 350, 370, 436, 442, 505, 506, 524, 598, 680, 691, 705, 713, 736]
[79, 124, 182, 487, 624, 778, 785]
[74, 196, 218, 297, 363, 367, 368, 448, 449, 561, 588, 661, 764]
[121, 175, 176, 177, 185, 186, 222, 312, 399, 466, 480, 512, 532, 542, 543, 599, 624, 645, 674, 717, 751]
[254, 255, 391, 416, 636, 654, 688, 703, 797, 798]
[22, 23, 60, 126, 127, 296, 298, 299, 408, 409, 410, 574, 575, 750, 756, 759, 767]
[187, 199, 340, 346, 463, 511, 640, 673, 747, 804]
[22, 23, 60, 126, 127, 296, 298, 299, 408, 409, 410, 574, 575, 750, 756, 759, 767]
[235, 236, 275, 326, 327, 435, 450, 468, 491, 534, 659, 706, 752]
[5, 303, 325, 424, 456, 479, 496, 606, 696, 733, 737, 797]
[167, 168, 365, 654, 768, 797, 798, 807]
[97, 117, 139, 189, 198, 200, 201, 231, 232, 238, 239, 273, 274, 335, 343, 359, 381, 391, 405, 436, 443, 458, 505, 506, 564, 586, 592, 594, 635, 649, 667, 677, 680, 711, 737]
[74, 196, 208, 297, 363, 367, 368, 448, 449, 588, 661, 764]
[115, 317]
[33, 34, 170, 171, 172, 173, 242, 256, 288, 289, 319, 340, 354, 355, 356, 361, 362, 428, 429, 430, 461, 491, 536, 562, 700, 738, 771, 789]
[290, 457, 772, 783]
[22, 23, 60, 126, 127, 296, 298, 299, 408, 409, 410, 532, 574, 575, 704, 750, 756, 765, 767]
[224, 226, 316, 364, 372, 396, 418, 441, 446, 451, 466, 490, 513, 538, 632, 633, 668]
[223, 226, 316, 364, 372, 396, 418, 441, 446, 451, 466, 490, 513, 538, 632, 633, 668]
[119, 125, 145, 169, 183, 317, 333, 551, 787]
[143, 144, 214, 223, 224, 316, 372, 396, 418, 441, 446, 451, 466, 490, 534, 632, 645, 668]
[121, 175, 176, 177, 185, 186, 209, 222, 312, 466, 512, 532, 599, 645, 674, 786, 803]
[83, 84, 184, 266, 383, 384, 527, 528, 529, 692, 695, 723, 730, 739, 758, 796]
[70, 162, 174, 211, 276, 281, 323, 334, 374, 400, 419, 420, 427, 455, 472, 489, 507, 508, 514, 530, 531, 547, 567, 627, 681, 684, 709, 759, 766, 780]
[585]
[97, 117, 132, 139, 153, 154, 155, 156, 157, 158, 198, 200, 201, 217, 232, 238, 239, 273, 274, 303, 343, 381, 405, 436, 443, 458, 482, 501, 502, 504, 505, 506, 511, 564, 586, 592, 594, 635, 667, 677, 680, 689, 690, 711, 723, 737, 747, 793, 801]
[97, 117, 132, 139, 153, 154, 155, 156, 157, 158, 198, 200, 201, 217, 231, 238, 239, 273, 274, 303, 343, 381, 405, 436, 443, 458, 482, 501, 502, 504, 505, 506, 511, 564, 586, 592, 594, 635, 667, 677, 680, 689, 690, 711, 723, 737, 747, 793, 801]
[614, 686, 771]
[328, 329, 330, 514, 556, 557, 565, 605, 671, 676]
[28, 214, 236, 275, 326, 327, 332, 435, 450, 468, 479, 527, 528, 529, 534, 659, 706, 752, 758]
[28, 214, 235, 275, 326, 327, 332, 435, 450, 468, 479, 527, 528, 529, 534, 659, 706, 752, 758]
[79, 85, 99, 142, 147, 148, 149, 150, 151, 152, 190, 191, 257, 488, 538, 568, 569, 572, 589, 590, 591, 602, 624, 751, 761, 782]
[9, 83, 84, 105, 106, 116, 118, 212, 239, 247, 303, 383, 384, 417, 443, 445, 482, 635, 657, 658, 677, 689, 690, 713, 737, 793]
[9, 83, 84, 105, 106, 116, 118, 212, 238, 247, 303, 383, 384, 417, 443, 445, 482, 635, 657, 658, 677, 689, 690, 713, 737, 793]
[757]
[320, 484, 494, 553, 554, 555]
[33, 34, 170, 171, 172, 173, 220, 256, 288, 289, 319, 354, 355, 356, 361, 362, 461, 491, 536, 562, 738]
[26, 77, 110, 128, 129, 130, 131, 235, 236, 267, 268, 354, 355, 356, 443, 471, 526, 546, 612, 613, 619, 695, 700, 743]
[11, 91, 92, 104, 113, 250, 277, 321, 322, 352, 353, 412, 504, 545, 546, 550, 581, 650, 664, 707]
[56, 57, 68, 98, 187, 199, 212, 316, 340, 346, 431, 432, 463, 511, 577, 640, 654, 673, 747, 760, 797, 804, 805]
[56, 57, 68, 98, 187, 199, 212, 316, 340, 346, 431, 432, 463, 511, 577, 640, 654, 673, 747, 760, 797, 804, 805]
[27, 91, 92, 104, 116, 132, 139, 153, 154, 155, 156, 157, 158, 198, 303, 405, 412, 482, 503, 504, 511, 517, 518, 559, 560, 592, 667, 689, 690, 723, 793]
[14, 39, 50, 70, 87, 96, 113, 159, 199, 215, 245, 246, 252, 266, 287, 349, 361, 362, 378, 379, 380, 382, 392, 398, 424, 456, 496, 533, 581, 618, 623, 663, 682, 689, 690, 710, 714, 802]
[698, 778]
[11, 91, 92, 104, 113, 189, 244, 276, 321, 322, 335, 353, 391, 472, 504, 545, 546, 550, 581, 650, 664, 703, 716]
[20, 49, 58, 101, 197, 229, 267, 268, 305, 306, 372, 399, 402, 403, 425, 447, 462, 478, 490, 513, 625, 638, 639, 670, 675, 684, 701, 717]
[213, 228, 294, 295, 315, 336, 337, 374, 377, 398, 442, 452, 550, 571, 579, 580, 727, 766, 784]
[22, 23, 60, 126, 127, 296, 298, 299, 408, 409, 410, 473, 574, 575, 750, 756, 767]
[33, 34, 69, 170, 171, 172, 173, 220, 242, 256, 288, 289, 319, 354, 355, 356, 361, 362, 461, 491, 536, 562, 738]
[33, 34, 69, 170, 171, 172, 173, 220, 242, 256, 288, 289, 319, 354, 355, 356, 361, 362, 461, 491, 536, 562, 738]
[33, 34, 170, 171, 172, 173, 220, 242, 288, 289, 319, 354, 355, 356, 361, 362, 447, 461, 491, 536, 562, 647, 732, 738]
[79, 85, 142, 147, 148, 149, 150, 151, 152, 190, 191, 488, 538, 568, 569, 572, 602, 761, 778, 782]
[5, 96, 273, 274, 606, 635, 695, 733, 797, 802]
[24, 241, 282, 283, 284, 357, 359, 515, 582, 628, 727, 728, 741, 762]
[98, 135, 261, 262, 282, 283, 284, 304, 348, 366, 373, 382, 391, 406, 421, 549, 656, 746]
[98, 135, 260, 262, 282, 283, 284, 304, 348, 366, 373, 382, 391, 406, 421, 549, 656, 746]
[98, 135, 260, 261, 282, 283, 284, 304, 348, 366, 373, 382, 391, 406, 421, 549, 656, 746]
[264, 317, 401, 788]
[263, 317, 401, 788]
[24, 241, 259, 357, 359, 515, 628, 666, 710, 728, 741, 762]
[68, 83, 84, 163, 164, 165, 170, 171, 172, 173, 184, 213, 353, 383, 384, 527, 528, 529, 692, 695, 723, 739, 758, 760, 775, 796, 805]
[49, 58, 101, 184, 197, 268, 305, 306, 372, 399, 402, 403, 425, 447, 462, 478, 513, 623, 625, 638, 639, 640, 670, 675, 692, 717]
[49, 58, 101, 184, 197, 267, 305, 306, 372, 399, 402, 403, 425, 447, 462, 478, 513, 623, 625, 638, 639, 640, 670, 675, 692, 717]
[297, 310, 539, 622, 763, 795]
[83, 84, 184, 266, 383, 384, 454, 527, 528, 529, 692, 723, 739, 758, 796]
[83, 84, 184, 266, 383, 384, 454, 527, 528, 529, 692, 723, 739, 758, 796]
[83, 84, 184, 266, 383, 384, 454, 527, 528, 529, 692, 723, 739, 758, 796]
[10, 200, 201, 206, 212, 247, 321, 322, 338, 339, 350, 370, 417, 436, 482, 505, 506, 524, 550, 677, 680, 689, 690, 691, 705, 723, 730, 793]
[10, 200, 201, 206, 212, 247, 321, 322, 338, 339, 350, 370, 417, 436, 482, 505, 506, 524, 550, 677, 680, 689, 690, 691, 705, 723, 730, 793]
[214, 235, 236, 326, 327, 435, 450, 468, 491, 534, 659, 706, 752]
[70, 87, 100, 162, 174, 229, 281, 334, 349, 374, 400, 419, 420, 427, 455, 472, 489, 507, 508, 530, 531, 636, 681, 684, 709, 755, 759, 766, 780, 808]
[96, 160, 344, 391, 412, 431, 432, 499, 500, 577, 606, 760, 775, 805]
[79, 85, 142, 147, 148, 149, 150, 151, 152, 190, 191, 257, 373, 488, 538, 568, 569, 572, 602, 624, 625, 653, 751, 761, 782]
[367]
[5, 56, 57, 163, 164, 165, 187, 199, 212, 340, 346, 463, 511, 562, 606, 640, 673, 747, 775, 804]
[70, 161, 162, 174, 181, 210, 229, 258, 276, 280, 308, 309, 334, 341, 374, 400, 419, 420, 427, 455, 472, 489, 507, 508, 530, 531, 681, 684, 709, 759, 766, 780]
[98, 135, 260, 261, 262, 283, 284, 304, 348, 366, 373, 391, 406, 421, 549, 656, 746]
[98, 135, 260, 261, 262, 282, 284, 304, 348, 366, 373, 391, 406, 421, 549, 656, 746]
[98, 135, 260, 261, 262, 282, 283, 304, 348, 366, 373, 391, 406, 421, 549, 656, 746]
[98, 135, 260, 261, 262, 282, 283, 284, 348, 373, 391, 406, 421, 549, 575, 656, 671]
[417, 550]
[56, 57, 68, 83, 84, 184, 266, 273, 274, 383, 384, 431, 432, 527, 528, 529, 577, 692, 723, 739, 758, 796, 797, 805]
[33, 34, 170, 171, 172, 173, 220, 242, 256, 289, 319, 340, 354, 355, 356, 361, 362, 428, 429, 430, 461, 491, 536, 562, 700, 738, 771, 789]
[33, 34, 170, 171, 172, 173, 220, 242, 256, 288, 319, 340, 354, 355, 356, 361, 362, 428, 429, 430, 461, 491, 536, 562, 700, 738, 771, 789]
[221, 615, 772]
[153, 154, 155, 156, 157, 158, 516, 637]
[353, 459, 648, 691, 736, 755]
[15, 16, 17, 18, 41, 88, 159, 340, 342, 424, 428, 429, 430, 439, 440, 474, 475, 495, 552, 567, 576, 587, 629, 646, 647, 700, 774]
[295, 315, 336, 337, 377, 442, 452, 550, 571, 579, 727]
[294, 315, 336, 337, 377, 442, 452, 550, 571, 579, 727]
[22, 23, 60, 126, 127, 142, 298, 299, 408, 409, 410, 574, 575, 750, 756, 767, 786]
[74, 196, 208, 218, 363, 367, 368, 448, 449, 588, 764]
[22, 23, 60, 126, 127, 296, 299, 408, 409, 410, 574, 575, 750, 756, 767]
[22, 23, 60, 126, 127, 296, 298, 408, 409, 410, 574, 575, 750, 756, 767]
[712]
[135, 241, 320, 494]
[209, 251, 556, 557, 572, 574, 653, 717, 740, 785, 799]
[200, 201, 215, 325, 424, 456, 479, 496, 650, 696, 716, 730]
[68, 70, 100, 162, 174, 217, 229, 245, 246, 276, 281, 287, 334, 374, 400, 419, 420, 427, 453, 455, 472, 489, 507, 508, 530, 531, 681, 682, 684, 709, 755, 759, 766, 780]
[20, 49, 58, 101, 197, 267, 268, 306, 372, 387, 388, 396, 399, 402, 403, 425, 427, 447, 462, 478, 490, 513, 625, 638, 639, 670, 675, 717]
[20, 49, 58, 101, 197, 267, 268, 305, 372, 387, 388, 396, 399, 402, 403, 425, 427, 447, 462, 478, 490, 513, 625, 638, 639, 670, 675, 717]
[541, 602]
[15, 16, 41, 88, 159, 293, 342, 439, 440, 474, 475, 552, 567, 576, 629, 646]
[15, 16, 41, 88, 159, 293, 342, 439, 440, 474, 475, 552, 567, 576, 629, 646]
[297, 358, 404, 501, 502, 539, 609, 622]
[32, 79, 85, 142, 147, 148, 149, 150, 151, 152, 190, 191, 257, 307, 488, 538, 568, 569, 572, 602, 761, 782, 803]
[4, 121, 175, 176, 177, 185, 186, 209, 222, 229, 466, 512, 532, 599, 645, 674]
[80, 97, 113, 281, 318, 420, 450, 455, 526, 534, 558, 618, 619, 796]
[51, 52, 53, 54, 110, 113, 235, 236, 243, 318, 325, 526, 612, 613, 619, 659, 700, 743]
[294, 295, 336, 337, 377, 442, 452, 550, 571, 579, 727]
[223, 224, 226, 372, 396, 418, 441, 446, 451, 466, 490, 632, 640, 668]
[107, 108, 115, 119, 125, 145, 169, 183, 219, 225, 263, 264, 333, 551, 787]
[450, 526, 527, 528, 529, 534, 558, 758]
[33, 34, 170, 171, 172, 173, 220, 242, 256, 288, 289, 354, 355, 356, 361, 362, 461, 491, 536, 562, 735, 738]
[169, 509, 510, 678]
[10, 200, 201, 206, 322, 338, 339, 350, 370, 391, 436, 505, 506, 524, 680, 691, 703, 705]
[10, 200, 201, 206, 321, 338, 339, 350, 370, 391, 436, 505, 506, 524, 680, 691, 703, 705]
[39, 101, 146, 234, 328, 329, 330, 408, 409, 410, 514, 556, 557, 565, 605, 671, 676]
[102, 103, 137, 138, 464, 465, 485, 587, 621, 662, 679, 694, 777]
[215, 288, 289, 303, 424, 456, 479, 496, 696]
[28, 214, 235, 236, 275, 325, 327, 435, 450, 468, 479, 527, 528, 529, 534, 659, 696, 706, 752, 758, 809]
[28, 214, 235, 236, 275, 325, 326, 435, 450, 468, 479, 527, 528, 529, 534, 659, 696, 706, 752, 758, 809]
[234, 329, 330, 514, 556, 557, 565, 605, 671, 676]
[234, 328, 330, 514, 556, 557, 565, 605, 671, 676]
[234, 328, 329, 514, 556, 557, 565, 605, 671, 676]
[35, 36, 48, 114, 161, 372, 396, 413, 418, 490, 589, 590, 591, 597, 638, 640, 660, 786]
[97, 117, 139, 198, 200, 201, 217, 231, 232, 238, 239, 273, 274, 303, 343, 381, 405, 417, 436, 443, 458, 505, 506, 564, 586, 592, 594, 635, 667, 677, 680, 711, 737]
[119, 125, 145, 169, 183, 225, 317, 551, 787]
[37, 38, 55, 111, 211, 213, 310, 370, 419, 514, 702, 709, 759, 766]
[22, 23, 60, 86, 126, 127, 217, 250, 296, 298, 299, 365, 408, 409, 410, 574, 575, 750, 756, 767]
[294, 295, 315, 337, 377, 442, 452, 550, 571, 579, 665, 693, 727, 784]
[294, 295, 315, 336, 377, 442, 452, 550, 571, 579, 665, 693, 727, 784]
[10, 200, 201, 206, 321, 322, 339, 350, 370, 436, 505, 506, 524, 680, 691, 705]
[10, 200, 201, 206, 321, 322, 338, 350, 370, 436, 505, 506, 524, 680, 691, 705]
[185, 186, 187, 199, 212, 346, 395, 463, 511, 640, 673, 695, 747, 804]
[113, 286, 417, 618, 709]
[15, 16, 17, 18, 41, 47, 88, 159, 293, 428, 429, 430, 439, 440, 474, 475, 552, 567, 576, 587, 629, 646, 700, 774, 789]
[93, 132, 187, 199, 212, 277, 340, 346, 463, 511, 640, 673, 747, 804]
[74, 96, 160, 241, 277, 412, 431, 432, 499, 500, 577, 606, 760, 775, 780, 805]
[83, 84, 184, 244, 266, 383, 384, 527, 528, 529, 692, 723, 739, 758, 796, 797]
[187, 199, 212, 340, 463, 511, 640, 673, 747, 804]
[21, 162, 275, 447, 534, 601, 643, 668]
[98, 135, 260, 261, 262, 282, 283, 284, 366, 373, 391, 406, 421, 549, 656, 714, 746]
[68, 97, 113, 252, 278, 281, 318, 324, 392, 450, 526, 534, 558, 581, 692, 796, 805]
[10, 116, 153, 154, 155, 156, 157, 158, 198, 200, 201, 206, 321, 322, 338, 339, 370, 436, 501, 502, 505, 506, 517, 518, 524, 609, 680, 691, 705]
[588, 712, 763]
[17, 18, 28, 87, 93, 105, 106, 139, 202, 203, 658, 683]
[286, 292, 755, 804]
[33, 34, 170, 171, 172, 173, 220, 242, 256, 288, 289, 319, 355, 356, 361, 362, 447, 461, 491, 536, 562, 597, 738]
[33, 34, 170, 171, 172, 173, 220, 242, 256, 288, 289, 319, 354, 356, 361, 362, 447, 461, 491, 536, 562, 597, 738]
[33, 34, 170, 171, 172, 173, 220, 242, 256, 288, 289, 319, 354, 355, 361, 362, 447, 461, 491, 536, 562, 597, 738]
[24, 241, 259, 359, 494, 515, 628, 728, 741, 762, 790]
[292, 353, 755]
[24, 241, 259, 357, 515, 582, 586, 607, 628, 728, 741, 762, 780]
[94, 95, 102, 103, 133, 134, 214, 364, 369, 416, 435, 446, 534, 572, 685, 732, 761, 774]
[33, 34, 170, 171, 172, 173, 220, 242, 256, 288, 289, 319, 354, 355, 356, 362, 461, 491, 536, 562, 738]
[33, 34, 170, 171, 172, 173, 220, 242, 256, 288, 289, 319, 354, 355, 356, 361, 461, 491, 536, 562, 738]
[27, 269, 279, 561]
[94, 95, 133, 134, 369, 446, 513, 685, 732]
[32, 79, 85, 142, 147, 148, 149, 150, 151, 152, 190, 191, 257, 307, 488, 538, 568, 569, 572, 602, 761, 769, 782, 803]
[82, 122, 123, 294, 295, 315, 336, 337, 370, 377, 442, 452, 486, 550, 571, 579, 648, 691, 727, 756]
[74, 196, 208, 218, 279, 297, 363, 368, 448, 449, 588, 661, 764]
[74, 196, 208, 218, 297, 310, 363, 367, 448, 449, 588, 763, 764]
[15, 16, 94, 95, 133, 134, 242, 364, 439, 440, 446, 669, 685, 732]
[10, 200, 201, 206, 228, 286, 321, 322, 338, 339, 350, 436, 442, 505, 506, 524, 680, 691, 705, 707]
[11, 91, 92, 104, 113, 244, 250, 321, 322, 353, 504, 545, 546, 550, 581, 609, 635, 650, 664, 705]
[175, 176, 177, 223, 224, 226, 248, 316, 387, 388, 396, 418, 441, 444, 446, 451, 466, 467, 490, 573, 632, 638, 668, 761]
[40, 98, 135, 260, 261, 262, 282, 283, 284, 348, 366, 391, 406, 421, 549, 575, 656]
[20, 37, 38, 58, 90, 101, 197, 278, 280, 305, 306, 387, 388, 563, 639, 702, 745, 799]
[74, 82, 122, 123, 334, 344, 359, 376, 431, 432, 442, 499, 500, 515, 539, 549, 577, 579, 582, 595, 664, 691, 693, 736, 784]
[74, 82, 122, 123, 334, 344, 359, 375, 431, 432, 442, 499, 500, 515, 539, 549, 577, 579, 582, 595, 664, 691, 693, 736, 784]
[96, 160, 228, 276, 277, 344, 398, 412, 431, 432, 499, 500, 531, 559, 560, 577, 606, 760, 775, 805]
[96, 159, 211, 215, 303, 313, 325, 396, 424, 456, 479, 496, 623, 696, 733, 737, 748, 766, 802]
[96, 159, 211, 215, 303, 313, 325, 396, 424, 456, 479, 496, 623, 696, 733, 737, 748, 766, 802]
[96, 159, 211, 215, 303, 313, 325, 396, 424, 456, 479, 496, 623, 696, 733, 737, 748, 766, 802]
[91, 92, 105, 106, 120, 132, 181, 212, 383, 384, 417, 495, 608, 682, 689, 690, 723, 793, 801, 809]
[17, 18, 28, 56, 57, 87, 93, 96, 98, 105, 106, 139, 199, 202, 203, 266, 352, 431, 432, 577, 606, 683, 760, 766, 797, 802, 805]
[83, 84, 184, 266, 384, 436, 527, 528, 529, 692, 695, 723, 739, 758, 796]
[83, 84, 184, 266, 383, 436, 527, 528, 529, 692, 695, 723, 739, 758, 796]
[47, 75, 94, 95, 133, 134, 137, 138, 364, 369, 446, 464, 465, 587, 662, 685, 694, 732, 774]
[116, 118, 626, 713]
[20, 37, 38, 40, 58, 90, 101, 197, 278, 305, 306, 374, 388, 425, 563, 611, 625, 627, 639, 702, 745, 799]
[20, 37, 38, 40, 58, 90, 101, 197, 278, 305, 306, 374, 387, 425, 563, 611, 625, 627, 639, 702, 745, 799]
[195, 617, 772, 783, 787]
[79, 257, 488, 641, 642, 761, 807]
[98, 126, 127, 135, 217, 250, 260, 261, 262, 282, 283, 284, 348, 373, 406, 421, 492, 496, 549, 656, 746]
[213, 228, 294, 295, 315, 336, 337, 374, 377, 398, 442, 452, 550, 571, 579, 580, 727, 766, 784]
[97, 104, 117, 139, 198, 200, 201, 217, 231, 232, 238, 239, 273, 274, 343, 381, 405, 436, 443, 458, 501, 502, 505, 506, 524, 564, 586, 592, 594, 635, 667, 677, 680, 711, 730, 737]
[119, 333]
[35, 36, 48, 114, 161, 372, 396, 413, 418, 490, 589, 590, 591, 597, 638, 660, 786]
[223, 224, 226, 316, 372, 378, 379, 380, 418, 441, 446, 451, 466, 490, 620, 632, 638, 668, 675, 684]
[62, 69, 435, 454, 612, 613]
[62, 76, 170, 171, 172, 173, 273, 274, 374, 537, 587, 683, 710, 766, 775]
[20, 49, 50, 58, 101, 197, 248, 267, 268, 305, 306, 366, 372, 396, 402, 403, 425, 447, 462, 478, 490, 513, 548, 625, 638, 639, 670, 675, 684, 717]
[70, 162, 174, 229, 276, 281, 308, 309, 334, 374, 419, 420, 427, 455, 472, 489, 507, 508, 530, 531, 681, 684, 709, 759, 766, 780]
[]
[49, 58, 69, 101, 197, 267, 268, 305, 306, 361, 362, 372, 399, 403, 425, 447, 462, 478, 513, 558, 623, 625, 638, 639, 670, 675, 717]
[49, 58, 69, 101, 197, 267, 268, 305, 306, 361, 362, 372, 399, 402, 425, 447, 462, 478, 513, 558, 623, 625, 638, 639, 670, 675, 717]
[72, 73, 139, 294, 295, 386, 501, 502, 609, 667]
[83, 84, 93, 200, 201, 215, 247, 303, 325, 346, 353, 424, 445, 456, 479, 496, 501, 502, 696]
[98, 135, 260, 261, 262, 282, 283, 284, 348, 366, 373, 391, 421, 549, 656, 763]
[4, 6, 7, 8, 30, 31, 525, 662, 704, 717, 746, 792]
[22, 23, 60, 126, 127, 296, 298, 299, 341, 409, 410, 574, 575, 750, 756, 759, 767]
[22, 23, 60, 126, 127, 296, 298, 299, 341, 408, 410, 574, 575, 750, 756, 759, 767]
[22, 23, 60, 126, 127, 296, 298, 299, 341, 408, 409, 574, 575, 750, 756, 759, 767]
[426, 617]
[96, 160, 277, 344, 391, 431, 432, 499, 500, 577, 606, 760, 775, 805]
[30, 31, 143, 144, 536, 567, 576, 669]
[5, 40, 46, 100, 256, 424, 425, 433, 434, 445, 467, 471, 495, 584, 636, 653, 670, 675, 717, 720, 774]
[101]
[111, 211, 213, 419, 598, 702, 708, 709, 759, 766]
[286, 335, 412, 650, 677, 680]
[223, 224, 226, 316, 372, 396, 441, 446, 451, 466, 490, 538, 565, 632, 638, 668]
[70, 162, 174, 211, 213, 229, 276, 281, 323, 334, 341, 374, 400, 420, 427, 455, 472, 489, 507, 508, 514, 530, 531, 547, 681, 684, 709, 759, 766, 780]
[70, 161, 162, 174, 181, 210, 229, 258, 276, 280, 281, 308, 309, 334, 341, 374, 400, 419, 427, 455, 472, 489, 507, 508, 530, 531, 681, 684, 709, 759, 766, 780]
[98, 135, 260, 261, 262, 282, 283, 284, 348, 366, 373, 382, 391, 406, 549, 656]
[11, 27, 91, 92, 104, 116, 132, 153, 154, 155, 156, 157, 158, 198, 303, 405, 482, 501, 502, 503, 511, 517, 518, 559, 560, 592, 667, 723, 793]
[11, 27, 91, 92, 104, 116, 132, 153, 154, 155, 156, 157, 158, 198, 303, 405, 482, 501, 502, 503, 511, 517, 518, 559, 560, 592, 667, 723, 793]
[5, 70, 96, 215, 256, 293, 303, 313, 325, 385, 456, 479, 496, 536, 696, 733, 737, 748, 802]
[5, 40, 46, 78, 100, 387, 388, 414, 418, 424, 433, 434, 444, 445, 467, 471, 490, 584, 636, 639, 653, 670, 675, 717, 720, 754, 774]
[411, 772, 783]
[96, 159, 160, 245, 246, 277, 344, 361, 362, 412, 431, 432, 499, 500, 577, 606, 627, 636, 760, 775, 805]
[83, 84, 184, 266, 383, 384, 527, 528, 529, 692, 723, 739, 758, 796]
[83, 84, 184, 266, 383, 384, 527, 528, 529, 692, 723, 739, 758, 796]
[83, 84, 184, 266, 383, 384, 527, 528, 529, 692, 723, 739, 758, 796]
[74, 122, 123, 254, 255, 308, 309, 344, 359, 375, 376, 432, 442, 499, 500, 515, 539, 549, 577, 579, 582, 586, 595, 693, 736, 770, 784]
[74, 122, 123, 254, 255, 308, 309, 344, 359, 375, 376, 431, 442, 499, 500, 515, 539, 549, 577, 579, 582, 586, 595, 693, 736, 770, 784]
[5, 40, 46, 100, 256, 293, 385, 414, 424, 425, 434, 445, 467, 471, 536, 558, 584, 636, 653, 670, 675, 717, 720, 774]
[5, 40, 46, 100, 256, 293, 385, 414, 424, 425, 433, 445, 467, 471, 536, 558, 584, 636, 653, 670, 675, 717, 720, 774]
[48, 69, 233, 397, 454, 491, 540, 552, 601, 612, 613]
[10, 93, 105, 106, 200, 201, 206, 212, 321, 322, 338, 339, 346, 350, 370, 505, 506, 524, 680, 691, 705]
[464, 465, 485, 621, 679, 777]
[426, 551, 725]
[15, 16, 41, 88, 159, 293, 342, 440, 474, 475, 552, 567, 576, 629, 646, 668, 732]
[15, 16, 41, 88, 159, 293, 342, 439, 474, 475, 552, 567, 576, 629, 646, 668, 732]
[50, 364, 538, 621, 734]
[74, 122, 123, 344, 359, 375, 376, 431, 432, 499, 500, 515, 539, 549, 559, 560, 577, 579, 582, 595, 598, 693, 699, 736, 784]
[9, 116, 118, 238, 239, 303, 417, 482, 511, 657, 677, 689, 690, 713, 737, 793]
[49, 94, 95, 133, 134, 364, 369, 407, 446, 513, 685, 688, 732]
[5, 40, 46, 100, 200, 201, 414, 424, 425, 433, 434, 467, 471, 584, 636, 653, 670, 675, 717, 720, 774]
[94, 95, 133, 134, 319, 364, 369, 602, 629, 685, 732]
[49, 58, 101, 197, 267, 268, 305, 306, 372, 399, 402, 403, 425, 462, 478, 513, 625, 638, 639, 670, 675, 717]
[166, 368, 449]
[166, 368, 448]
[318, 526, 534, 558]
[223, 224, 226, 316, 372, 396, 418, 441, 446, 466, 490, 538, 632, 638, 668]
[14, 39, 50, 87, 96, 113, 188, 199, 215, 245, 246, 248, 252, 266, 286, 287, 335, 349, 378, 379, 380, 382, 392, 398, 424, 456, 459, 496, 533, 581, 618, 663, 682, 689, 690, 710, 714, 802]
[1, 2, 3, 24, 241, 320, 484, 553, 554, 555, 666]
[58, 69, 397, 435, 612, 613]
[70, 161, 162, 174, 181, 210, 229, 258, 276, 280, 281, 308, 309, 334, 341, 374, 400, 419, 420, 427, 472, 489, 507, 508, 530, 531, 681, 684, 709, 759, 766, 780]
[5, 96, 215, 303, 325, 374, 424, 479, 496, 696, 733, 797]
[221, 290, 772, 783]
[9, 77, 116, 118, 238, 239, 247, 303, 417, 443, 505, 506, 511, 657, 677, 713, 737]
[76, 82, 206, 334, 431, 432, 559, 560, 775]
[27, 132, 517, 518, 559, 560]
[17, 18, 33, 34, 170, 171, 172, 173, 220, 242, 256, 288, 289, 319, 340, 354, 355, 356, 361, 362, 428, 429, 430, 447, 491, 536, 562, 700, 738, 771]
[49, 58, 101, 184, 197, 267, 268, 305, 306, 372, 399, 402, 403, 425, 447, 478, 513, 623, 625, 638, 639, 640, 670, 675, 692, 717]
[187, 199, 212, 340, 346, 511, 640, 673, 747, 804]
[465, 485, 621, 679, 734, 777]
[464, 485, 621, 679, 734, 777]
[55, 223, 224, 226, 316, 372, 396, 418, 441, 446, 451, 490, 632, 668]
[83, 84, 184, 185, 186, 258, 266, 383, 384, 527, 528, 529, 639, 692, 723, 739, 758, 796]
[28, 214, 235, 236, 275, 325, 326, 327, 435, 450, 479, 527, 528, 529, 534, 659, 706, 752, 758, 809]
[]
[32, 147, 148, 149, 150, 151, 152, 192, 193, 194, 493]
[5, 40, 46, 58, 100, 185, 186, 372, 414, 424, 425, 433, 434, 445, 467, 584, 636, 653, 670, 673, 675, 692, 717, 720, 722, 774]
[49, 58, 101, 197, 267, 268, 305, 306, 372, 399, 402, 403, 425, 447, 462, 478, 513, 625, 636, 638, 639, 670, 675, 717, 755, 808]
[12, 13, 25, 750]
[15, 16, 41, 88, 159, 293, 342, 439, 440, 475, 552, 567, 576, 629, 646, 647, 732]
[15, 16, 41, 88, 159, 293, 342, 439, 440, 474, 552, 567, 576, 629, 646, 647, 732]
[477]
[476]
[49, 58, 101, 197, 267, 268, 305, 306, 372, 399, 402, 403, 425, 447, 462, 513, 625, 638, 639, 670, 675, 717]
[215, 220, 303, 325, 424, 456, 496, 696, 718, 742]
[11, 91, 92, 104, 113, 178, 179, 189, 217, 244, 250, 321, 322, 335, 353, 359, 365, 391, 504, 545, 546, 550, 581, 586, 649, 650, 664, 703, 750]
[22, 23, 60, 86, 126, 127, 296, 298, 299, 408, 409, 410, 483, 574, 575, 631, 750, 756, 767]
[359, 546, 612, 613, 695]
[169, 259, 294, 295, 315, 336, 337, 370, 377, 442, 452, 550, 571, 579, 648, 727, 784]
[241, 320, 553, 554, 555]
[464, 465, 621, 679, 734, 777]
[9, 338, 339, 459, 648, 708, 713, 790]
[79, 124, 182, 207, 624, 778, 785]
[79, 85, 142, 147, 148, 149, 150, 151, 152, 190, 191, 257, 538, 568, 569, 572, 602, 761, 778, 782]
[70, 161, 162, 174, 181, 229, 258, 276, 280, 281, 308, 309, 334, 374, 400, 419, 420, 427, 455, 472, 507, 508, 530, 531, 681, 684, 692, 709, 759, 766, 780]
[223, 224, 226, 316, 372, 396, 418, 441, 446, 451, 466, 620, 632, 638, 668]
[33, 34, 71, 140, 170, 171, 172, 173, 220, 242, 256, 270, 271, 272, 275, 288, 289, 314, 319, 354, 355, 356, 361, 362, 450, 461, 536, 562, 738]
[33, 34, 170, 171, 172, 173, 220, 242, 256, 288, 289, 319, 354, 355, 356, 361, 362, 453, 461, 491, 523, 536, 562, 732, 738]
[234, 328, 329, 330, 413, 480, 514, 556, 557, 565, 605, 671, 676, 701]
[241, 301]
[70, 96, 181, 381, 608, 682, 733, 802, 809]
[5, 98, 215, 303, 325, 424, 431, 432, 456, 479, 606, 654, 696, 733, 737, 760, 775, 797, 805]
[537, 540, 601, 623, 683]
[4, 121, 175, 176, 177, 185, 186, 209, 222, 312, 466, 512, 532, 599, 645, 674]
[74, 96, 160, 241, 277, 344, 412, 431, 432, 481, 500, 577, 606, 648, 760, 775, 780, 805]
[74, 96, 160, 241, 277, 344, 412, 431, 432, 481, 499, 577, 606, 648, 760, 775, 780, 805]
[72, 73, 104, 118, 393, 404, 502, 609]
[72, 73, 104, 118, 393, 404, 501, 609]
[243, 277, 619, 700, 743]
[11, 91, 92, 104, 113, 244, 250, 321, 322, 335, 353, 359, 422, 423, 507, 508, 545, 546, 550, 580, 581, 649, 650, 664, 705, 716]
[10, 105, 106, 200, 201, 206, 321, 322, 338, 339, 350, 370, 383, 384, 436, 506, 524, 680, 691, 705]
[10, 105, 106, 200, 201, 206, 321, 322, 338, 339, 350, 370, 383, 384, 436, 505, 524, 680, 691, 705]
[49, 58, 90, 101, 197, 267, 268, 305, 306, 372, 399, 402, 403, 425, 447, 462, 478, 513, 625, 638, 639, 670, 675, 717]
[49, 58, 90, 101, 197, 267, 268, 305, 306, 372, 399, 402, 403, 425, 447, 462, 478, 513, 625, 638, 639, 670, 675, 717]
[320, 510, 678]
[320, 509, 678]
[187, 199, 212, 340, 346, 463, 640, 650, 673, 716, 747, 804]
[175, 176, 177, 222, 542, 543, 593, 600, 704]
[20, 49, 58, 101, 197, 267, 268, 305, 306, 372, 399, 402, 403, 425, 427, 447, 462, 478, 523, 625, 638, 639, 670, 675, 717, 722]
[39, 146, 234, 328, 329, 330, 556, 557, 565, 605, 671, 676]
[24, 241, 259, 357, 359, 582, 607, 628, 728, 741, 762]
[153, 154, 155, 156, 157, 158, 291, 585, 637]
[11, 27, 91, 92, 104, 116, 132, 139, 198, 343, 405, 503, 518, 559, 560, 592, 703]
[11, 27, 91, 92, 104, 116, 132, 139, 198, 343, 405, 503, 517, 559, 560, 592, 703]
[520, 521]
[519, 521]
[519, 520]
[76, 113, 159, 252, 323, 392, 396, 398, 452, 581, 618, 623, 687]
[79, 85, 142, 147, 148, 149, 150, 151, 152, 190, 191, 257, 488, 538, 568, 569, 572, 602, 761, 782]
[10, 153, 154, 155, 156, 157, 158, 200, 201, 206, 321, 322, 338, 339, 350, 370, 436, 505, 506, 517, 518, 680, 691, 703, 705]
[4, 30, 31, 32, 109, 307, 407, 662, 746, 786, 792, 803]
[318, 450, 527, 528, 529, 534, 558, 758]
[83, 84, 112, 184, 266, 383, 384, 468, 528, 529, 692, 723, 739, 758, 796]
[83, 84, 112, 184, 266, 383, 384, 468, 527, 529, 692, 723, 739, 758, 796]
[83, 84, 112, 184, 266, 383, 384, 468, 527, 528, 692, 723, 739, 758, 796]
[70, 159, 162, 174, 229, 276, 281, 334, 374, 400, 419, 420, 427, 455, 472, 489, 507, 508, 531, 623, 681, 684, 709, 759, 766, 780]
[37, 38, 49, 58, 101, 197, 199, 213, 258, 266, 267, 268, 305, 306, 372, 399, 402, 403, 425, 447, 462, 478, 513, 514, 625, 638, 639, 670, 675, 717, 755, 808]
[121, 175, 176, 177, 185, 186, 209, 222, 312, 466, 512, 599, 645, 674]
[56, 57, 83, 84, 98, 117, 184, 266, 374, 383, 384, 527, 528, 529, 654, 692, 723, 739, 758, 796, 797]
[318, 450, 526, 558, 668]
[17, 18, 28, 87, 93, 105, 106, 139, 202, 203, 258, 280, 352, 454, 471, 683]
[340, 567, 576, 587, 668, 669, 700, 774]
[83, 84, 184, 266, 267, 268, 383, 384, 454, 468, 527, 528, 529, 692, 723, 739, 758, 796]
[79, 85, 142, 147, 148, 149, 150, 151, 152, 190, 191, 249, 257, 364, 488, 568, 569, 572, 602, 632, 698, 761, 782]
[74, 122, 123, 344, 359, 363, 375, 376, 431, 432, 442, 448, 449, 499, 500, 515, 549, 577, 579, 582, 595, 693, 736, 784]
[275, 450, 497, 601, 623]
[79, 124, 307, 488, 602]
[543, 572, 731, 761]
[542, 572, 731, 761]
[15, 16, 41, 88, 159, 293, 342, 439, 440, 474, 475, 552, 567, 576, 597, 629, 646]
[11, 27, 91, 92, 104, 132, 153, 154, 155, 156, 157, 158, 189, 231, 232, 343, 501, 502, 504, 511, 517, 518, 559, 560, 592, 635, 667]
[11, 91, 92, 104, 113, 228, 244, 250, 277, 321, 322, 352, 353, 412, 504, 545, 550, 581, 650, 664, 707, 804]
[22, 23, 60, 126, 127, 296, 298, 299, 408, 409, 410, 574, 575, 750, 756, 759, 767]
[74, 100, 122, 123, 344, 359, 375, 376, 431, 432, 442, 499, 500, 515, 539, 549, 577, 579, 582, 595, 693, 736, 784]
[74, 122, 123, 344, 348, 359, 375, 376, 431, 432, 442, 499, 500, 515, 539, 577, 579, 582, 595, 631, 693, 736, 784]
[122, 123, 294, 295, 315, 336, 337, 377, 442, 452, 486, 571, 579, 727, 784, 804]
[66, 67, 119, 125, 145, 169, 183, 225, 290, 317, 333, 438, 457, 787]
[15, 16, 41, 88, 159, 293, 342, 439, 440, 474, 475, 567, 576, 629, 646, 735]
[241, 320, 484, 554, 555]
[241, 320, 484, 553, 555]
[241, 320, 484, 553, 554]
[234, 328, 329, 330, 514, 557, 565, 605, 671, 676, 729]
[234, 328, 329, 330, 514, 556, 565, 605, 671, 676, 729]
[78, 318, 402, 403, 420, 450, 455, 526, 534, 619]
[27, 132, 294, 295, 377, 452, 517, 518, 560, 579]
[27, 132, 294, 295, 377, 452, 517, 518, 559, 579]
[166, 363]
[428, 429, 430, 447, 495, 536, 567, 576, 587, 647, 669, 739, 743, 774]
[14, 39, 50, 87, 96, 113, 199, 215, 245, 246, 248, 252, 266, 280, 287, 349, 378, 379, 380, 382, 392, 398, 424, 456, 496, 533, 581, 618, 663, 682, 689, 690, 702, 710, 714, 802]
[97, 117, 139, 198, 200, 201, 217, 231, 232, 238, 239, 247, 273, 274, 343, 381, 405, 436, 443, 458, 505, 506, 524, 586, 592, 594, 609, 635, 667, 677, 680, 711, 737, 801]
[229, 234, 328, 329, 330, 514, 556, 557, 605, 671, 676, 701]
[187, 199, 212, 340, 346, 463, 511, 640, 673, 747, 804]
[536, 576, 669]
[79, 85, 142, 147, 148, 149, 150, 151, 152, 190, 191, 257, 488, 493, 538, 569, 572, 602, 761, 782]
[79, 85, 142, 147, 148, 149, 150, 151, 152, 190, 191, 257, 488, 493, 538, 568, 572, 602, 761, 782]
[215, 303, 325, 424, 456, 479, 496, 696, 718]
[294, 295, 315, 336, 337, 377, 442, 452, 550, 579, 727, 784]
[302, 740, 785]
[96, 178, 179, 258, 635, 695, 737, 798, 802]
[22, 23, 60, 126, 127, 296, 298, 299, 408, 409, 410, 575, 750, 756, 767, 803]
[22, 23, 60, 126, 127, 136, 296, 298, 299, 408, 409, 410, 574, 750, 756, 767, 768]
[15, 16, 41, 88, 137, 138, 159, 285, 293, 342, 433, 434, 439, 440, 474, 475, 530, 552, 567, 629, 646, 662, 732, 761, 774]
[2, 3, 74, 82, 259, 308, 309, 334, 406, 515, 582, 586, 636, 780]
[97, 117, 139, 198, 200, 201, 217, 231, 232, 238, 239, 273, 274, 303, 343, 381, 405, 417, 436, 443, 458, 505, 506, 564, 586, 592, 594, 635, 667, 677, 680, 711, 737]
[74, 122, 123, 206, 344, 359, 375, 376, 431, 432, 442, 499, 500, 515, 539, 549, 559, 560, 577, 582, 595, 598, 693, 708, 736, 784]
[98, 135, 217, 250, 260, 261, 262, 282, 283, 284, 328, 329, 330, 348, 373, 391, 406, 421, 533, 549, 656, 714]
[11, 91, 92, 98, 104, 113, 228, 244, 250, 321, 322, 323, 352, 353, 412, 504, 545, 546, 550, 562, 650, 654, 664, 707, 766]
[74, 122, 123, 241, 259, 282, 283, 284, 344, 359, 375, 376, 431, 432, 442, 499, 500, 515, 539, 549, 577, 579, 595, 607, 693, 736, 762, 784]
[757]
[5, 40, 46, 78, 100, 414, 424, 425, 433, 434, 445, 467, 471, 523, 636, 639, 653, 670, 675, 717, 720, 774]
[230, 516]
[97, 117, 139, 198, 200, 201, 217, 231, 232, 238, 239, 273, 274, 276, 343, 381, 405, 436, 443, 458, 472, 505, 506, 564, 592, 594, 635, 667, 677, 680, 711, 737]
[62, 76, 273, 274, 288, 289, 340, 342, 398, 537, 683, 700, 710, 739, 743]
[74, 196, 208, 218, 297, 367, 368, 764]
[48, 214, 235, 236, 275, 314, 326, 327, 435, 450, 468, 534, 552, 610, 659, 706, 715, 752, 779]
[48, 214, 235, 236, 275, 314, 326, 327, 435, 450, 468, 534, 552, 610, 659, 706, 715, 752, 779]
[48, 214, 235, 236, 275, 314, 326, 327, 435, 450, 468, 534, 552, 610, 659, 706, 715, 752, 779]
[132, 153, 154, 155, 156, 157, 158, 346, 504, 507, 508, 635, 667]
[175, 176, 177, 222, 600]
[83, 84, 91, 92, 105, 106, 132, 212, 303, 383, 384, 417, 482, 501, 502, 511, 635, 689, 690, 695, 696, 718, 723, 730, 793, 801]
[74, 122, 123, 259, 344, 359, 375, 376, 431, 432, 442, 499, 500, 515, 539, 549, 577, 579, 582, 607, 693, 736, 784]
[]
[35, 36, 48, 161, 372, 396, 413, 418, 490, 589, 590, 591, 638, 660, 706, 738, 786]
[241, 483]
[121, 175, 176, 177, 180, 185, 186, 209, 222, 312, 441, 466, 512, 532, 645, 674]
[175, 176, 177, 222, 593, 765, 803]
[397, 497, 540, 623]
[307, 541]
[497, 498, 540, 601, 623, 700, 739]
[60, 756, 768]
[12, 13, 109, 234, 328, 329, 330, 514, 556, 557, 565, 671, 676]
[68, 96, 160, 277, 344, 412, 431, 432, 499, 500, 577, 760, 775, 805]
[97, 117, 139, 198, 200, 201, 217, 231, 232, 238, 239, 273, 274, 343, 359, 381, 391, 405, 436, 443, 458, 472, 505, 506, 564, 586, 592, 594, 635, 648, 649, 667, 677, 680, 711, 737]
[5, 96, 170, 171, 172, 173, 181, 316, 381, 495, 603, 682, 733, 802, 809]
[72, 73, 104, 139, 371, 386, 393, 404, 405, 501, 502, 594, 667]
[94, 95, 102, 103, 114, 133, 134, 214, 222, 364, 369, 446, 464, 465, 685, 732, 792]
[275, 447, 478, 534, 601, 643, 668, 694, 771]
[69, 397, 435, 454, 458, 613]
[69, 397, 435, 454, 458, 612]
[233, 428, 429, 430, 686, 771]
[290, 772]
[260, 261, 262, 421, 721]
[333, 411]
[11, 88, 91, 92, 104, 113, 244, 250, 277, 313, 321, 322, 352, 353, 374, 412, 504, 545, 546, 550, 562, 581, 650, 654, 664, 707, 748, 766]
[26, 235, 236, 243, 318, 463, 526, 612, 613, 659, 700, 743]
[415, 446, 532, 704]
[464, 465, 485, 679, 734, 777]
[24, 241, 259, 357, 359, 406, 515, 628, 728, 741, 762]
[162, 447, 497, 530, 540, 601, 732, 735]
[182, 207, 209, 251, 487, 556, 557, 574, 717, 778, 785, 799]
[20, 49, 58, 101, 197, 267, 268, 305, 306, 372, 387, 388, 399, 402, 403, 418, 425, 447, 462, 467, 478, 490, 513, 638, 639, 670, 675, 717, 722]
[116, 118, 198, 386, 501, 502, 713]
[182, 207, 209, 251, 487, 556, 557, 624, 717, 778, 785]
[]
[15, 16, 41, 88, 159, 293, 342, 439, 440, 474, 475, 552, 567, 576, 646, 668, 732, 735]
[600]
[209, 302, 568, 569, 624, 627, 769, 778]
[4, 319, 324, 407, 464, 465, 485, 538, 602, 629, 679, 698]
[111, 211, 213, 419, 598, 702, 709, 759, 766]
[]
[258, 501, 502, 650, 695]
[58, 185, 186, 293, 372, 414, 424, 720, 742, 774]
[153, 154, 155, 156, 157, 158, 291, 516, 719]
[20, 49, 58, 101, 197, 248, 267, 268, 305, 306, 372, 399, 402, 403, 418, 425, 447, 462, 467, 478, 490, 513, 522, 567, 625, 639, 670, 675, 717]
[387, 388, 418, 611, 625, 701]
[112, 187, 199, 212, 220, 326, 327, 340, 346, 463, 489, 511, 673, 695, 747, 804]
[257, 488, 642, 807]
[257, 488, 641, 807]
[48, 252, 281, 552, 601, 618, 619, 794]
[]
[4, 121, 175, 176, 177, 185, 186, 209, 222, 312, 466, 512, 532, 599, 674]
[15, 16, 41, 88, 159, 293, 342, 439, 440, 474, 475, 552, 567, 576, 629]
[79, 85, 142, 147, 148, 149, 150, 151, 152, 190, 191, 249, 257, 488, 538, 568, 569, 572, 602, 761, 782]
[486, 790]
[22, 23, 60, 86, 126, 127, 250, 296, 298, 299, 365, 408, 409, 410, 574, 575, 663, 750, 756, 767]
[104, 188]
[497, 536, 567, 576, 597, 669]
[61, 141]
[5, 40, 46, 50, 100, 414, 424, 425, 433, 434, 445, 467, 471, 523, 573, 584, 636, 670, 675, 717, 720, 774]
[89, 496, 665, 708, 808]
[37, 38, 83, 84, 90, 97, 98, 105, 106, 117, 139, 198, 200, 201, 213, 217, 231, 232, 238, 239, 273, 274, 303, 323, 343, 381, 405, 417, 436, 443, 458, 505, 506, 564, 586, 592, 594, 635, 654, 667, 677, 680, 711, 723, 730, 737]
[98, 135, 260, 261, 262, 282, 283, 284, 348, 366, 373, 391, 406, 421, 549, 746]
[9, 116, 118, 238, 239, 338, 339, 443, 559, 560, 677, 713, 737]
[98, 135, 260, 261, 262, 282, 283, 284, 348, 373, 391, 406, 421, 549, 656, 681, 746, 808]
[28, 214, 235, 236, 275, 326, 327, 435, 450, 468, 479, 527, 528, 529, 534, 706, 752]
[33, 34, 114, 170, 171, 172, 173, 220, 242, 256, 285, 288, 289, 319, 354, 355, 356, 361, 362, 461, 491, 536, 562, 738]
[27, 132, 269, 279, 294, 295, 517, 518, 559, 560]
[4, 30, 31, 407, 427, 522, 525, 746, 792]
[68, 187, 199, 212, 316, 340, 346, 431, 432, 463, 511, 577, 640, 673, 747, 804, 805]
[11, 91, 92, 104, 113, 189, 244, 250, 276, 321, 322, 335, 353, 359, 391, 472, 504, 545, 546, 550, 581, 586, 649, 650, 703, 716]
[89, 654, 708, 736]
[169]
[105, 106, 132, 212, 346, 383, 384, 592, 635, 689, 690, 723, 801]
[223, 224, 226, 316, 372, 396, 418, 441, 446, 451, 466, 490, 513, 632]
[414, 536, 567, 752]
[17, 18, 28, 87, 93, 105, 106, 139, 202, 203, 267, 268, 352, 418, 444, 454, 462, 471, 558, 683]
[39, 40, 146, 234, 328, 329, 330, 345, 425, 514, 556, 557, 565, 605, 676]
[15, 16, 41, 78, 88, 113, 159, 226, 293, 342, 439, 440, 474, 475, 552, 567, 576, 597, 629, 646]
[112, 185, 186, 187, 199, 212, 220, 288, 289, 340, 342, 346, 372, 395, 463, 489, 511, 639, 640, 643, 695, 742, 747, 804]
[121, 175, 176, 177, 185, 186, 209, 222, 312, 466, 512, 532, 599, 645, 646, 706]
[5, 40, 46, 78, 100, 387, 388, 414, 418, 424, 425, 433, 434, 444, 445, 467, 471, 490, 584, 636, 639, 653, 670, 717, 720, 774]
[109, 182, 234, 328, 329, 330, 514, 556, 557, 565, 605, 671, 769]
[9, 83, 84, 93, 105, 106, 116, 118, 212, 238, 239, 346, 383, 384, 417, 443, 445, 482, 657, 689, 690, 713, 723, 737, 747, 793, 801]
[394, 509, 510, 721]
[223, 224, 319, 324, 464, 465, 485, 629, 632, 698]
[10, 83, 84, 91, 92, 132, 200, 201, 206, 321, 322, 338, 339, 350, 370, 436, 445, 505, 506, 524, 609, 691, 705]
[70, 100, 162, 174, 229, 276, 281, 308, 309, 334, 374, 400, 419, 420, 427, 453, 455, 472, 489, 507, 508, 515, 530, 531, 684, 709, 755, 759, 766, 780]
[56, 57, 68, 96, 98, 181, 199, 245, 246, 431, 432, 482, 654, 663, 707, 733, 758, 760, 775, 793, 797, 804, 805]
[17, 18, 28, 87, 93, 105, 106, 139, 202, 203, 352, 454, 471]
[100, 159, 181, 265, 278, 396, 416, 492, 623, 654, 687, 688, 703, 797, 798]
[94, 95, 133, 134, 364, 369, 446, 732, 735, 752]
[732, 754, 770]
[49, 407, 464, 465, 485, 620, 621, 679, 777]
[111, 211, 213, 419, 702, 709, 759, 766]
[14, 39, 50, 87, 96, 113, 199, 215, 245, 246, 248, 252, 266, 287, 349, 378, 379, 380, 382, 392, 398, 424, 456, 496, 533, 581, 618, 663, 682, 690, 710, 714, 730, 737, 802]
[14, 39, 50, 87, 96, 113, 199, 215, 245, 246, 248, 252, 266, 287, 349, 378, 379, 380, 382, 392, 398, 424, 456, 496, 533, 581, 618, 663, 682, 689, 710, 714, 730, 737, 802]
[10, 200, 201, 206, 321, 322, 338, 339, 350, 370, 436, 442, 505, 506, 524, 559, 560, 680, 705]
[58, 83, 84, 112, 184, 185, 186, 220, 266, 288, 289, 324, 342, 372, 383, 384, 395, 489, 527, 528, 529, 639, 643, 723, 739, 742, 758, 796]
[588, 691]
[226, 360, 474, 475, 498, 610, 647, 779]
[70, 187, 400, 436, 445, 471, 594, 696, 709, 718, 802]
[58, 445, 594, 695, 718]
[624, 653]
[497]
[70, 100, 162, 174, 229, 276, 281, 334, 374, 400, 419, 420, 427, 455, 472, 489, 507, 508, 530, 531, 681, 684, 709, 755, 759, 766, 780]
[112, 220, 243, 288, 289, 324, 342, 461, 462, 612, 613, 619, 742, 743]
[535, 671]
[22, 23, 40, 60, 101, 126, 127, 296, 298, 299, 352, 408, 409, 410, 425, 559, 560, 574, 575, 750, 756, 767]
[10, 74, 321, 322, 391, 416, 609, 654, 688, 797, 798]
[21, 538, 632]
[10, 11, 200, 201, 206, 277, 321, 322, 338, 339, 350, 370, 436, 505, 506, 507, 508, 517, 518, 524, 580, 649, 680, 691]
[17, 18, 42, 43, 44, 45, 48, 226, 318, 360, 450, 474, 475, 526, 534, 552, 558, 601, 610, 779]
[187, 199, 212, 340, 346, 463, 511, 640, 673, 747, 804]
[89, 259, 654, 665, 780]
[55, 111, 178, 179, 211, 213, 278, 341, 419, 702, 759, 766]
[62, 76, 98, 163, 164, 165, 273, 274, 398, 431, 432, 537, 587, 654, 683, 760, 775, 805]
[97, 117, 139, 198, 200, 201, 217, 231, 232, 238, 239, 273, 274, 303, 343, 381, 405, 417, 436, 443, 458, 505, 506, 511, 564, 586, 592, 594, 635, 667, 677, 680, 737]
[351]
[11, 116, 118, 386, 482, 504, 626, 689, 690, 723, 793]
[56, 57, 87, 96, 98, 199, 215, 266, 303, 325, 349, 424, 431, 432, 456, 479, 496, 545, 577, 606, 654, 696, 733, 737, 775, 797, 805]
[51, 52, 53, 54, 110, 111, 235, 236, 243, 318, 325, 455, 526, 612, 613, 619, 659, 700, 743]
[1, 416, 515]
[17, 18, 28, 87, 93, 105, 106, 139, 202, 203, 210, 352, 683]
[202, 203, 326, 327, 445, 594, 695, 696]
[]
[5, 40, 46, 47, 100, 133, 134, 137, 138, 214, 414, 416, 424, 425, 433, 434, 445, 467, 471, 485, 534, 536, 584, 587, 636, 653, 662, 670, 675, 717, 774, 789]
[29, 135, 160, 260, 261, 262, 382, 421, 656]
[370, 391]
[83, 84, 184, 266, 359, 383, 384, 527, 528, 529, 692, 695, 739, 758, 796]
[107, 108, 240]
[66, 67, 290, 411, 438, 457, 551]
[14, 294, 295, 315, 336, 337, 370, 377, 442, 452, 550, 571, 579, 665, 727, 784]
[122, 123, 294, 295, 315, 336, 337, 377, 442, 452, 550, 571, 579, 784]
[24, 241, 259, 357, 359, 394, 421, 494, 515, 628, 741, 762]
[33, 34, 46, 170, 171, 172, 173, 220, 242, 256, 288, 289, 319, 354, 355, 356, 361, 362, 461, 491, 536, 562, 732, 738]
[11, 72, 73, 104, 116, 198, 294, 295, 343, 381, 404, 412, 501, 502, 503, 592, 609, 703]
[98, 135, 146, 260, 261, 262, 282, 283, 284, 301, 348, 373, 391, 406, 421, 549, 575, 656]
[94, 95, 133, 134, 364, 369, 446, 685]
[11, 68, 199, 266, 586, 627, 730]
[49, 407, 538, 620, 621, 744]
[673, 758]
[206, 481, 559, 560, 607]
[9, 83, 84, 105, 106, 116, 118, 212, 238, 239, 247, 303, 383, 384, 417, 443, 445, 482, 511, 635, 657, 677, 689, 690, 713, 793]
[33, 34, 170, 171, 172, 173, 220, 242, 256, 288, 289, 319, 354, 355, 356, 361, 362, 461, 491, 536, 562, 614, 647]
[83, 84, 184, 185, 186, 266, 383, 384, 395, 468, 489, 527, 528, 529, 692, 723, 758, 796]
[302, 572, 785]
[24, 241, 259, 351, 357, 359, 515, 628, 728, 762]
[17, 18, 324, 414, 428, 429, 430, 700, 720, 739, 743]
[112, 220, 243, 288, 289, 324, 342, 461, 462, 612, 613, 619, 700, 742]
[416, 567, 573]
[79, 85, 142, 147, 148, 149, 150, 151, 152, 190, 191, 257, 488, 538, 568, 569, 572, 602, 653, 751, 761, 782]
[4, 30, 31, 407, 525, 662, 681, 710, 792]
[187, 199, 212, 340, 346, 463, 511, 640, 673, 804]
[62, 80, 97, 113, 214, 235, 236, 252, 275, 326, 327, 392, 402, 403, 420, 435, 450, 455, 468, 534, 581, 659, 706, 752, 796]
[22, 23, 142, 307, 574]
[12, 13, 25, 305, 306, 473, 476, 477, 605, 652, 769]
[70, 162, 174, 229, 276, 278, 281, 323, 334, 374, 400, 419, 420, 427, 455, 472, 489, 507, 508, 514, 530, 531, 681, 684, 709, 759, 766, 780]
[71, 214, 235, 236, 275, 326, 327, 435, 450, 468, 491, 534, 659, 706]
[11, 189, 217, 312, 365, 391, 649, 733]
[47, 111, 523, 774]
[292, 335, 353]
[60, 630, 759, 769]
[583]
[181, 199, 245, 246, 482, 643, 663, 682, 707, 742, 793, 804]
[70, 162, 174, 211, 229, 276, 281, 323, 334, 341, 374, 400, 419, 420, 427, 455, 472, 489, 507, 508, 514, 530, 531, 547, 681, 684, 709, 766, 780]
[74, 87, 196, 208, 218, 292, 297, 367, 368, 375, 376, 499, 500, 588, 664, 741, 764]
[257, 390, 488, 641, 642, 807]
[24, 241, 259, 357, 359, 515, 607, 628, 728, 741]
[404, 501, 502, 539, 609, 622]
[74, 196, 208, 218, 297, 367, 368, 588]
[98, 135, 260, 261, 262, 282, 283, 284, 348, 365, 373, 391, 406, 421, 549, 656, 753, 756]
[55, 111, 211, 213, 341, 419, 627, 702, 709, 759]
[22, 23, 60, 126, 127, 296, 298, 299, 408, 409, 410, 574, 575, 750, 756]
[216, 519, 520, 521]
[146, 301, 671, 781]
[275, 447, 534, 601, 643]
[233, 614, 686, 732]
[221, 290, 615]
[]
[5, 76, 97, 120, 211, 273, 274, 385, 445, 490]
[334, 431, 432, 459, 636, 780]
[111, 211, 213, 419, 681, 702, 709, 759, 766]
[223, 224, 464, 465, 485, 621, 679, 734]
[182, 207, 209, 480, 487, 624, 785]
[372, 396, 418, 451, 490, 738]
[70, 100, 162, 174, 229, 276, 281, 308, 309, 334, 374, 400, 419, 420, 427, 455, 472, 489, 507, 508, 530, 531, 681, 684, 709, 755, 759, 766]
[6, 7, 8, 79, 85, 142, 147, 148, 149, 150, 151, 152, 190, 191, 257, 488, 493, 538, 568, 569, 572, 602, 761, 782]
[79, 85, 142, 147, 148, 149, 150, 151, 152, 190, 191, 257, 302, 488, 493, 538, 568, 569, 572, 602, 761, 778]
[221, 290, 426, 457, 772]
[82, 89, 654, 665, 708]
[182, 207, 487, 624, 778]
[35, 36, 48, 143, 144, 161, 285, 372, 396, 413, 418, 490, 584, 589, 590, 591, 597, 638, 660, 792]
[119, 125, 145, 169, 183, 225, 317, 333, 551]
[263, 264, 401]
[113, 185, 186, 340, 341, 445, 700, 739, 794]
[486, 648, 741]
[109, 234, 328, 329, 330, 514, 556, 557, 565, 605, 671, 676]
[46, 98, 135, 229, 260, 261, 262, 282, 283, 284, 348, 373, 391, 406, 421, 549, 656]
[359, 454, 468, 612, 613]
[341, 395, 445, 673, 789]
[269, 310, 763]
[58, 83, 84, 184, 266, 372, 383, 384, 527, 528, 529, 639, 692, 723, 739, 758]
[89, 189, 250, 453, 515, 654, 665, 708]
[89, 100, 199, 266, 636, 654, 665, 708, 808]
[20, 37, 38, 58, 90, 101, 197, 237, 278, 305, 306, 374, 387, 388, 627, 639, 702, 745]
[]
[72, 73, 118, 139, 153, 154, 155, 156, 157, 158, 291, 343, 381, 393, 405, 442, 503, 516, 592, 637, 667]
[56, 57, 87, 90, 96, 163, 164, 165, 170, 171, 172, 173, 199, 245, 246, 266, 287, 349, 431, 432, 496, 533, 577, 606, 663, 682, 714, 733, 775, 797, 805]
[99, 717]
[187, 199, 212, 340, 346, 436, 463, 511, 640, 673, 747]
[96, 160, 277, 344, 412, 431, 432, 499, 500, 577, 606, 760, 775]
[37, 38, 209, 237, 278, 627, 697, 745, 799]
[55, 257, 488, 641, 642]
[62, 111, 178, 179, 214, 235, 236, 275, 326, 327, 420, 435, 450, 455, 468, 534, 659, 706, 752]
[120, 383, 384, 546]
